spawns:
  default:
    world: 6d8f7fa0-897b-482d-9379-fb8b055c8e3e
    world-name: survivalspawn
    x: 96.5
    y: 106.0
    z: 74.5
    yaw: -6.541614532470703
    pitch: 1.8601481914520264
