world: 2acc349f-2a98-4171-b56e-e89b924a0ed7
world-name: desteria
x: -162.478970066518
y: 123.0625
z: -236.50704885894626
yaw: -90.2057113647461
pitch: 25.73615264892578
name: watchpvp
lastowner: b06c3295-db1c-3c17-8490-d3eb84429c7a
